Address: 1621611266-2
{
    "Campaign1_20210519_171424_RawOD.csv": {
        "ctime": [
            "1621611266.4852164",
            "2021-05-21 10:34:26.485216"
        ],
        "data": [
            "Campaign1,Unnamed: 1,Unnamed: 2,Unnamed: 3,Unnamed: 4,Unnamed: 5,Unnamed: 6,Unnamed: 7,Unnamed: 8,Unnamed: 9,Unnamed: 10,Unnamed: 11,Unnamed: 12,Unnamed: 13,Unnamed: 14,Unnamed: 15,Unnamed: 16,Unnamed: 17,Unnamed: 18,Unnamed: 19,Unnamed: 20,Unnamed: 21,Unnamed: 22,Unnamed: 23,Unnamed: 24,Unnamed: 25,Unnamed: 26,Unnamed: 27,Unnamed: 28,Unnamed: 29,Unnamed: 30,Unnamed: 31,Unnamed: 32,Unnamed: 33,Unnamed: 34,Unnamed: 35,Unnamed: 36,Unnamed: 37,Unnamed: 38,Unnamed: 39,Unnamed: 40,Unnamed: 41,Unnamed: 42,Unnamed: 43,Unnamed: 44,Unnamed: 45,Unnamed: 46,Unnamed: 47,Unnamed: 48,Unnamed: 49,Unnamed: 50,Unnamed: 51,Unnamed: 52,Unnamed: 53,Unnamed: 54,Unnamed: 55,Unnamed: 56,Unnamed: 57,Unnamed: 58,Unnamed: 59,Unnamed: 60,Unnamed: 61,Unnamed: 62,Unnamed: 63,Unnamed: 64,Unnamed: 65,Unnamed: 66,Unnamed: 67,Unnamed: 68,Unnamed: 69,Unnamed: 70,Unnamed: 71,Unnamed: 72,Unnamed: 73,Unnamed: 74,Unnamed: 75,Unnamed: 76,Unnamed: 77,Unnamed: 78,Unnamed: 79,Unnamed: 80,Unnamed: 81,Unnamed: 82,Unnamed: 83,Unnamed: 84,Unnamed: 85,Unnamed: 86,Unnamed: 87,Unnamed: 88,Unnamed: 89,Unnamed: 90,Unnamed: 91,Unnamed: 92,Unnamed: 93,Unnamed: 94,Unnamed: 95,Unnamed: 96,Unnamed: 97,Unnamed: 98\n",
            ",,,,,,,,,,,,,,,,,,,,,,,,,,,,,,,,,,,,,,,,,,,,,,,,,,,,,,,,,,,,,,,,,,,,,,,,,,,,,,,,,,,,,,,,,,,,,,,,,,\n",
            "2021-05-19 17:14:24,,,,,,,,,,,,,,,,,,,,,,,,,,,,,,,,,,,,,,,,,,,,,,,,,,,,,,,,,,,,,,,,,,,,,,,,,,,,,,,,,,,,,,,,,,,,,,,,,,\n",
            ",,,,,,,,,,,,,,,,,,,,,,,,,,,,,,,,,,,,,,,,,,,,,,,,,,,,,,,,,,,,,,,,,,,,,,,,,,,,,,,,,,,,,,,,,,,,,,,,,,\n",
            "Assay was completed successfully.,,,,,,,,,,,,,,,,,,,,,,,,,,,,,,,,,,,,,,,,,,,,,,,,,,,,,,,,,,,,,,,,,,,,,,,,,,,,,,,,,,,,,,,,,,,,,,,,,,\n",
            ",,,,,,,,,,,,,,,,,,,,,,,,,,,,,,,,,,,,,,,,,,,,,,,,,,,,,,,,,,,,,,,,,,,,,,,,,,,,,,,,,,,,,,,,,,,,,,,,,,\n",
            ",,,,,,,,,,,,,,,,,,,,,,,,,,,,,,,,,,,,,,,,,,,,,,,,,,,,,,,,,,,,,,,,,,,,,,,,,,,,,,,,,,,,,,,,,,,,,,,,,,\n",
            "Raw OD(590),,,,,,,,,,,,,,,,,,,,,,,,,,,,,,,,,,,,,,,,,,,,,,,,,,,,,,,,,,,,,,,,,,,,,,,,,,,,,,,,,,,,,,,,,,,,,,,,,,\n",
            ",,,,,,,,,,,,,,,,,,,,,,,,,,,,,,,,,,,,,,,,,,,,,,,,,,,,,,,,,,,,,,,,,,,,,,,,,,,,,,,,,,,,,,,,,,,,,,,,,,\n",
            ",,Cycle #,1.0,2.0,3.0,4.0,5.0,6.0,7.0,8.0,9.0,10.0,11.0,12.0,13.0,14.0,15.0,16.0,17.0,18.0,19.0,20.0,21.0,22.0,23.0,24.0,25.0,26.0,27.0,28.0,29.0,30.0,31.0,32.0,33.0,34.0,35.0,36.0,37.0,38.0,39.0,40.0,41.0,42.0,43.0,44.0,45.0,46.0,47.0,48.0,49.0,50.0,51.0,52.0,53.0,54.0,55.0,56.0,57.0,58.0,59.0,60.0,61.0,62.0,63.0,64.0,65.0,66.0,67.0,68.0,69.0,70.0,71.0,72.0,73.0,74.0,75.0,76.0,77.0,78.0,79.0,80.0,81.0,82.0,83.0,84.0,85.0,86.0,87.0,88.0,89.0,90.0,91.0,92.0,93.0,94.0,95.0,96.0\n",
            "Plate #,Well ,Start time (s),0.0,593.893,1186.991,1780.08,2373.152,2966.223,3559.25,4152.259,4745.286,5338.312,5931.366,6524.446,7117.491,7710.536,8303.544,8896.589,9489.616,10082.669,10675.705,11268.705,11861.741,12454.759,13047.768,13640.759,14233.777,14826.803,15419.812,16012.83,16605.875,17198.893,17791.928,18384.919,18977.928,19570.955,20163.973,20757.0,21350.009,21943.036,22536.044,23129.053,23722.062,24315.098,24908.143,25501.178,26094.214,26687.259,27280.277,27873.294,28466.321,29059.455,29652.339,30245.375,30838.375,31431.402,32024.428,32617.464,33210.5,33803.509,34396.527,34989.553,35582.598,36175.634,36768.669,37361.687,37954.705,38547.732,39140.75,39733.759,40326.768,40919.794,41512.83,42105.875,42698.893,43291.911,43884.937,44477.973,45071.009,45664.053,46257.071,46850.089,47443.125,48036.143,48629.152,49222.187,49815.25,50408.277,51001.312,51594.375,52187.419,52780.455,53373.464,53966.482,54559.536,55152.571,55745.58,56338.58\n",
            "1,A1,Result,0.046,0.046,0.046,0.046,0.046,0.045,0.045,0.046,0.046,0.045,0.045,0.046,0.046,0.046,0.046,0.046,0.046,0.046,0.046,0.046,0.046,0.046,0.046,0.045,0.046,0.046,0.046,0.046,0.045,0.046,0.047,0.045,0.046,0.046,0.045,0.046,0.046,0.046,0.046,0.046,0.046,0.046,0.046,0.046,0.046,0.046,0.046,0.046,0.046,0.046,0.046,0.046,0.047,0.046,0.047,0.046,0.046,0.045,0.046,0.046,0.046,0.045,0.047,0.046,0.047,0.046,0.046,0.046,0.046,0.047,0.046,0.046,0.046,0.047,0.047,0.047,0.048,0.047,0.046,0.047,0.046,0.047,0.047,0.047,0.047,0.047,0.047,0.047,0.047,0.047,0.047,0.047,0.047,0.047,0.047,0.047\n",
            "1,A2,Result,0.042,0.039,0.04,0.04,0.039,0.04,0.04,0.04,0.04,0.039,0.039,0.039,0.04,0.04,0.041,0.039,0.04,0.04,0.04,0.04,0.04,0.039,0.04,0.039,0.04,0.04,0.04,0.04,0.04,0.039,0.04,0.04,0.04,0.04,0.04,0.04,0.039,0.04,0.04,0.04,0.04,0.04,0.039,0.04,0.04,0.04,0.04,0.04,0.04,0.04,0.04,0.04,0.04,0.04,0.04,0.04,0.04,0.039,0.04,0.04,0.04,0.04,0.041,0.039,0.04,0.04,0.039,0.039,0.039,0.04,0.04,0.039,0.039,0.04,0.04,0.039,0.04,0.039,0.039,0.04,0.04,0.04,0.04,0.04,0.04,0.04,0.04,0.04,0.04,0.04,0.04,0.04,0.04,0.04,0.041,0.04\n",
            "1,A3,Result,0.043,0.041,0.041,0.042,0.041,0.042,0.041,0.042,0.042,0.041,0.041,0.041,0.041,0.041,0.042,0.041,0.041,0.041,0.042,0.041,0.041,0.041,0.041,0.041,0.041,0.041,0.041,0.042,0.042,0.041,0.042,0.041,0.042,0.042,0.041,0.041,0.041,0.041,0.041,0.041,0.042,0.041,0.042,0.041,0.041,0.041,0.041,0.042,0.041,0.041,0.041,0.041,0.042,0.04,0.042,0.041,0.042,0.041,0.042,0.042,0.041,0.042,0.042,0.041,0.041,0.041,0.042,0.041,0.041,0.042,0.041,0.041,0.042,0.042,0.042,0.041,0.042,0.042,0.042,0.041,0.042,0.041,0.042,0.041,0.042,0.041,0.042,0.041,0.041,0.041,0.041,0.042,0.042,0.041,0.041,0.042\n",
            "1,A4,Result,0.041,0.04,0.04,0.04,0.04,0.039,0.04,0.04,0.04,0.04,0.039,0.04,0.04,0.04,0.04,0.039,0.04,0.039,0.04,0.04,0.04,0.04,0.04,0.039,0.04,0.04,0.04,0.04,0.04,0.04,0.04,0.039,0.04,0.04,0.04,0.039,0.039,0.04,0.039,0.039,0.04,0.04,0.04,0.04,0.04,0.04,0.04,0.04,0.039,0.04,0.04,0.04,0.04,0.039,0.04,0.041,0.04,0.039,0.039,0.041,0.04,0.039,0.04,0.04,0.039,0.04,0.04,0.039,0.04,0.04,0.04,0.039,0.039,0.041,0.04,0.039,0.04,0.039,0.04,0.039,0.04,0.04,0.041,0.04,0.04,0.04,0.04,0.04,0.04,0.04,0.04,0.04,0.04,0.039,0.04,0.04\n",
            "1,A5,Result,0.04,0.038,0.038,0.038,0.037,0.038,0.039,0.038,0.038,0.039,0.038,0.038,0.039,0.037,0.038,0.038,0.038,0.038,0.038,0.038,0.038,0.038,0.038,0.037,0.038,0.038,0.038,0.038,0.038,0.038,0.039,0.038,0.038,0.038,0.038,0.038,0.038,0.038,0.038,0.039,0.038,0.039,0.039,0.038,0.039,0.039,0.039,0.038,0.038,0.037,0.038,0.038,0.039,0.038,0.038,0.039,0.039,0.038,0.038,0.038,0.038,0.038,0.038,0.038,0.038,0.039,0.038,0.038,0.038,0.039,0.038,0.038,0.039,0.039,0.039,0.038,0.038,0.038,0.039,0.039,0.037,0.039,0.038,0.039,0.038,0.038,0.038,0.038,0.039,0.039,0.038,0.038,0.039,0.038,0.039,0.038\n",
            "1,A6,Result,0.041,0.038,0.037,0.039,0.038,0.038,0.039,0.039,0.039,0.038,0.038,0.038,0.039,0.038,0.039,0.037,0.038,0.038,0.038,0.038,0.038,0.038,0.039,0.038,0.038,0.038,0.038,0.039,0.039,0.038,0.038,0.038,0.038,0.039,0.038,0.038,0.038,0.038,0.037,0.038,0.039,0.039,0.038,0.038,0.039,0.038,0.038,0.039,0.038,0.038,0.038,0.038,0.039,0.038,0.039,0.039,0.039,0.038,0.038,0.038,0.038,0.038,0.039,0.038,0.038,0.039,0.038,0.038,0.037,0.039,0.038,0.038,0.037,0.039,0.038,0.038,0.038,0.037,0.037,0.039,0.038,0.038,0.038,0.039,0.038,0.039,0.038,0.038,0.038,0.038,0.038,0.039,0.039,0.038,0.039,0.038\n",
            "1,A7,Result,0.04,0.038,0.039,0.039,0.038,0.038,0.039,0.039,0.039,0.038,0.038,0.038,0.039,0.038,0.039,0.039,0.039,0.038,0.04,0.038,0.039,0.038,0.039,0.037,0.038,0.038,0.038,0.038,0.038,0.038,0.039,0.037,0.038,0.038,0.038,0.037,0.038,0.038,0.037,0.038,0.038,0.038,0.038,0.038,0.038,0.038,0.038,0.038,0.038,0.037,0.037,0.038,0.039,0.037,0.037,0.038,0.038,0.037,0.037,0.038,0.038,0.038,0.038,0.037,0.038,0.038,0.038,0.038,0.038,0.039,0.038,0.038,0.037,0.038,0.038,0.037,0.039,0.038,0.037,0.038,0.037,0.038,0.039,0.038,0.037,0.038,0.037,0.038,0.037,0.037,0.037,0.038,0.038,0.037,0.037,0.037\n",
            "1,A8,Result,0.04,0.039,0.039,0.04,0.039,0.038,0.039,0.039,0.039,0.039,0.039,0.039,0.039,0.039,0.039,0.039,0.038,0.038,0.039,0.039,0.039,0.039,0.039,0.038,0.038,0.04,0.039,0.039,0.039,0.039,0.039,0.039,0.039,0.039,0.039,0.038,0.039,0.039,0.038,0.039,0.04,0.039,0.04,0.039,0.04,0.038,0.038,0.039,0.039,0.038,0.04,0.039,0.039,0.039,0.039,0.039,0.039,0.039,0.038,0.039,0.038,0.038,0.039,0.038,0.039,0.039,0.038,0.038,0.039,0.039,0.039,0.038,0.038,0.039,0.039,0.039,0.04,0.039,0.038,0.039,0.038,0.039,0.039,0.039,0.04,0.038,0.038,0.039,0.039,0.038,0.039,0.038,0.039,0.038,0.039,0.039\n",
            "1,A9,Result,0.043,0.04,0.041,0.041,0.04,0.04,0.041,0.041,0.041,0.041,0.042,0.04,0.041,0.041,0.041,0.041,0.041,0.04,0.041,0.041,0.041,0.041,0.04,0.041,0.041,0.04,0.041,0.041,0.042,0.041,0.042,0.041,0.041,0.042,0.041,0.041,0.041,0.042,0.04,0.041,0.041,0.041,0.041,0.041,0.041,0.04,0.041,0.041,0.041,0.041,0.041,0.041,0.041,0.04,0.041,0.042,0.041,0.041,0.041,0.041,0.041,0.041,0.041,0.041,0.041,0.041,0.041,0.04,0.04,0.042,0.041,0.04,0.041,0.041,0.041,0.041,0.043,0.041,0.04,0.041,0.04,0.04,0.041,0.041,0.041,0.041,0.041,0.041,0.042,0.04,0.041,0.041,0.042,0.041,0.04,0.041\n",
            "1,A10,Result,0.042,0.04,0.041,0.041,0.04,0.039,0.042,0.041,0.041,0.04,0.04,0.041,0.042,0.041,0.041,0.04,0.04,0.04,0.041,0.04,0.04,0.04,0.04,0.039,0.04,0.04,0.039,0.04,0.041,0.04,0.04,0.04,0.039,0.04,0.039,0.04,0.039,0.04,0.039,0.04,0.04,0.04,0.04,0.039,0.04,0.04,0.039,0.039,0.039,0.039,0.04,0.04,0.04,0.039,0.039,0.04,0.04,0.039,0.04,0.039,0.04,0.038,0.039,0.039,0.04,0.039,0.039,0.039,0.039,0.039,0.038,0.04,0.039,0.039,0.04,0.039,0.039,0.039,0.04,0.039,0.039,0.039,0.041,0.04,0.039,0.039,0.039,0.04,0.04,0.039,0.039,0.04,0.039,0.039,0.039,0.039\n",
            "1,A11,Result,0.042,0.041,0.041,0.041,0.041,0.04,0.042,0.042,0.042,0.041,0.04,0.04,0.041,0.041,0.042,0.042,0.042,0.042,0.043,0.043,0.043,0.043,0.043,0.04,0.04,0.04,0.04,0.04,0.041,0.04,0.04,0.039,0.04,0.039,0.04,0.04,0.039,0.039,0.039,0.04,0.039,0.04,0.04,0.039,0.04,0.039,0.039,0.04,0.039,0.04,0.039,0.04,0.039,0.04,0.039,0.039,0.039,0.039,0.04,0.04,0.04,0.039,0.04,0.039,0.039,0.04,0.039,0.039,0.04,0.04,0.039,0.04,0.039,0.039,0.041,0.039,0.041,0.04,0.039,0.039,0.039,0.04,0.04,0.04,0.039,0.04,0.039,0.039,0.04,0.039,0.04,0.041,0.04,0.039,0.04,0.04\n",
            "1,A12,Result,0.04,0.039,0.038,0.04,0.038,0.037,0.038,0.039,0.038,0.037,0.037,0.036,0.038,0.037,0.037,0.036,0.037,0.037,0.037,0.037,0.037,0.037,0.038,0.036,0.037,0.037,0.036,0.037,0.037,0.037,0.037,0.036,0.037,0.037,0.036,0.036,0.036,0.036,0.037,0.037,0.037,0.037,0.037,0.037,0.038,0.036,0.036,0.038,0.036,0.036,0.036,0.036,0.036,0.036,0.037,0.037,0.036,0.036,0.036,0.037,0.036,0.036,0.037,0.036,0.036,0.037,0.036,0.036,0.036,0.038,0.036,0.036,0.035,0.036,0.037,0.036,0.038,0.037,0.036,0.036,0.036,0.036,0.037,0.037,0.037,0.037,0.036,0.036,0.037,0.036,0.038,0.037,0.037,0.036,0.037,0.037\n",
            "1,B1,Result,0.041,0.039,0.039,0.04,0.038,0.04,0.04,0.04,0.041,0.04,0.04,0.041,0.041,0.039,0.041,0.04,0.041,0.04,0.041,0.04,0.04,0.041,0.041,0.04,0.041,0.042,0.041,0.04,0.04,0.039,0.041,0.04,0.04,0.04,0.04,0.04,0.041,0.039,0.041,0.04,0.04,0.041,0.041,0.041,0.042,0.04,0.04,0.04,0.041,0.041,0.041,0.04,0.041,0.04,0.042,0.04,0.042,0.041,0.041,0.04,0.04,0.039,0.041,0.039,0.04,0.041,0.041,0.04,0.04,0.041,0.039,0.039,0.04,0.041,0.042,0.04,0.042,0.04,0.04,0.041,0.041,0.041,0.041,0.041,0.041,0.041,0.04,0.041,0.041,0.041,0.04,0.041,0.042,0.041,0.041,0.041\n",
            "1,B2,Result,0.044,0.041,0.042,0.043,0.042,0.043,0.043,0.043,0.044,0.043,0.043,0.042,0.043,0.042,0.043,0.043,0.043,0.043,0.043,0.043,0.044,0.043,0.044,0.042,0.043,0.043,0.043,0.043,0.043,0.044,0.043,0.043,0.043,0.043,0.043,0.044,0.043,0.043,0.042,0.043,0.042,0.044,0.045,0.043,0.043,0.044,0.042,0.044,0.042,0.043,0.042,0.043,0.045,0.042,0.043,0.043,0.044,0.042,0.043,0.044,0.043,0.043,0.042,0.043,0.043,0.044,0.043,0.043,0.042,0.044,0.043,0.042,0.043,0.043,0.044,0.043,0.043,0.043,0.042,0.044,0.043,0.044,0.044,0.044,0.044,0.043,0.043,0.044,0.043,0.042,0.043,0.044,0.044,0.043,0.043,0.044\n",
            "1,B3,Result,0.039,0.039,0.039,0.04,0.039,0.039,0.039,0.04,0.04,0.039,0.038,0.039,0.04,0.04,0.04,0.04,0.039,0.04,0.04,0.04,0.039,0.039,0.04,0.038,0.041,0.039,0.04,0.04,0.04,0.04,0.039,0.04,0.039,0.04,0.039,0.04,0.04,0.039,0.039,0.041,0.04,0.04,0.039,0.04,0.04,0.039,0.04,0.04,0.04,0.04,0.04,0.039,0.039,0.04,0.04,0.04,0.041,0.039,0.04,0.04,0.04,0.039,0.041,0.039,0.039,0.04,0.039,0.039,0.039,0.04,0.038,0.039,0.039,0.04,0.04,0.039,0.039,0.041,0.04,0.04,0.04,0.039,0.04,0.04,0.039,0.04,0.04,0.04,0.041,0.04,0.039,0.04,0.042,0.04,0.041,0.04\n",
            "1,B4,Result,0.041,0.039,0.04,0.04,0.039,0.04,0.04,0.041,0.04,0.04,0.04,0.039,0.041,0.04,0.041,0.04,0.04,0.039,0.04,0.039,0.04,0.04,0.04,0.039,0.04,0.041,0.04,0.04,0.042,0.04,0.041,0.039,0.041,0.041,0.039,0.04,0.039,0.04,0.04,0.04,0.041,0.04,0.039,0.041,0.04,0.04,0.04,0.04,0.04,0.041,0.04,0.04,0.04,0.039,0.039,0.04,0.039,0.039,0.04,0.04,0.04,0.04,0.039,0.04,0.04,0.041,0.04,0.039,0.04,0.04,0.039,0.04,0.039,0.041,0.04,0.041,0.04,0.039,0.039,0.04,0.04,0.04,0.04,0.041,0.04,0.039,0.04,0.04,0.04,0.041,0.039,0.041,0.04,0.039,0.041,0.04\n",
            "1,B5,Result,0.04,0.038,0.038,0.039,0.038,0.038,0.039,0.039,0.039,0.038,0.039,0.038,0.038,0.036,0.039,0.038,0.038,0.038,0.038,0.039,0.038,0.038,0.039,0.038,0.039,0.038,0.038,0.039,0.039,0.039,0.039,0.038,0.038,0.039,0.039,0.04,0.039,0.039,0.038,0.038,0.039,0.039,0.039,0.038,0.039,0.039,0.038,0.04,0.038,0.038,0.038,0.038,0.039,0.038,0.039,0.039,0.038,0.038,0.039,0.039,0.039,0.038,0.039,0.038,0.039,0.039,0.038,0.037,0.039,0.039,0.038,0.038,0.038,0.039,0.039,0.038,0.038,0.039,0.038,0.039,0.038,0.037,0.039,0.039,0.038,0.038,0.038,0.038,0.038,0.039,0.039,0.039,0.038,0.039,0.038,0.038\n",
            "1,B6,Result,0.039,0.037,0.037,0.039,0.037,0.037,0.038,0.038,0.038,0.038,0.039,0.038,0.038,0.039,0.038,0.038,0.038,0.037,0.038,0.037,0.038,0.037,0.04,0.038,0.037,0.038,0.037,0.038,0.038,0.039,0.038,0.038,0.038,0.039,0.038,0.038,0.04,0.038,0.039,0.037,0.038,0.039,0.039,0.039,0.038,0.039,0.038,0.038,0.038,0.038,0.038,0.039,0.037,0.037,0.038,0.039,0.039,0.038,0.038,0.039,0.038,0.038,0.038,0.038,0.038,0.039,0.039,0.038,0.038,0.039,0.038,0.038,0.037,0.038,0.04,0.038,0.038,0.038,0.037,0.039,0.038,0.039,0.038,0.039,0.039,0.038,0.038,0.037,0.038,0.038,0.038,0.038,0.038,0.038,0.039,0.038\n",
            "1,B7,Result,0.042,0.04,0.04,0.041,0.04,0.041,0.042,0.041,0.041,0.04,0.041,0.04,0.041,0.041,0.041,0.041,0.041,0.04,0.041,0.042,0.04,0.04,0.041,0.04,0.042,0.041,0.041,0.042,0.042,0.041,0.042,0.043,0.042,0.047,0.048,0.048,0.048,0.049,0.048,0.049,0.048,0.048,0.047,0.049,0.048,0.047,0.047,0.047,0.047,0.047,0.047,0.047,0.047,0.046,0.048,0.048,0.049,0.049,0.05,0.049,0.049,0.049,0.05,0.049,0.049,0.049,0.049,0.049,0.049,0.05,0.048,0.048,0.049,0.05,0.049,0.049,0.05,0.049,0.048,0.049,0.048,0.048,0.049,0.049,0.05,0.049,0.05,0.05,0.05,0.049,0.05,0.049,0.049,0.049,0.048,0.049\n",
            "1,B8,Result,0.045,0.061,0.062,0.062,0.062,0.063,0.064,0.064,0.064,0.063,0.064,0.064,0.064,0.063,0.064,0.063,0.064,0.063,0.065,0.065,0.065,0.064,0.064,0.063,0.065,0.064,0.065,0.065,0.065,0.064,0.065,0.063,0.065,0.065,0.064,0.064,0.063,0.065,0.064,0.063,0.064,0.063,0.064,0.064,0.062,0.062,0.062,0.062,0.062,0.062,0.062,0.062,0.063,0.061,0.062,0.063,0.063,0.062,0.063,0.064,0.063,0.063,0.062,0.063,0.062,0.062,0.062,0.062,0.062,0.062,0.062,0.063,0.062,0.063,0.064,0.062,0.063,0.063,0.061,0.063,0.062,0.063,0.062,0.062,0.062,0.062,0.061,0.062,0.064,0.062,0.061,0.063,0.063,0.062,0.061,0.063\n",
            "1,B9,Result,0.04,0.039,0.039,0.039,0.039,0.038,0.039,0.039,0.039,0.039,0.04,0.039,0.039,0.039,0.039,0.04,0.039,0.039,0.04,0.039,0.04,0.039,0.04,0.039,0.039,0.039,0.04,0.041,0.04,0.039,0.041,0.039,0.039,0.04,0.039,0.039,0.039,0.039,0.039,0.04,0.04,0.041,0.04,0.04,0.041,0.04,0.039,0.04,0.039,0.039,0.04,0.039,0.04,0.039,0.039,0.04,0.04,0.038,0.038,0.04,0.04,0.039,0.04,0.038,0.039,0.04,0.04,0.039,0.038,0.04,0.039,0.039,0.038,0.04,0.04,0.039,0.04,0.039,0.039,0.04,0.039,0.039,0.04,0.04,0.039,0.04,0.04,0.039,0.041,0.039,0.04,0.04,0.04,0.041,0.04,0.04\n",
            "1,B10,Result,0.04,0.039,0.039,0.04,0.04,0.04,0.04,0.04,0.04,0.039,0.039,0.039,0.04,0.04,0.041,0.04,0.041,0.039,0.039,0.04,0.04,0.041,0.041,0.04,0.04,0.039,0.04,0.04,0.04,0.04,0.041,0.04,0.04,0.039,0.04,0.04,0.04,0.039,0.039,0.039,0.039,0.04,0.039,0.04,0.04,0.04,0.039,0.04,0.04,0.039,0.039,0.039,0.04,0.039,0.04,0.04,0.04,0.039,0.041,0.041,0.04,0.039,0.04,0.04,0.04,0.039,0.04,0.039,0.039,0.041,0.039,0.039,0.039,0.041,0.041,0.04,0.04,0.04,0.04,0.04,0.04,0.04,0.04,0.042,0.041,0.04,0.041,0.04,0.041,0.039,0.04,0.042,0.04,0.041,0.04,0.041\n",
            "1,B11,Result,0.039,0.039,0.038,0.039,0.038,0.038,0.038,0.039,0.039,0.038,0.038,0.039,0.039,0.037,0.04,0.039,0.038,0.04,0.039,0.038,0.039,0.038,0.04,0.038,0.039,0.039,0.038,0.039,0.039,0.038,0.039,0.039,0.038,0.038,0.038,0.039,0.038,0.038,0.038,0.039,0.038,0.039,0.04,0.039,0.039,0.039,0.039,0.039,0.039,0.038,0.039,0.038,0.039,0.039,0.038,0.04,0.039,0.037,0.039,0.04,0.039,0.038,0.039,0.039,0.038,0.039,0.038,0.037,0.038,0.039,0.038,0.038,0.038,0.039,0.039,0.038,0.04,0.039,0.038,0.04,0.039,0.039,0.039,0.039,0.039,0.039,0.038,0.039,0.039,0.038,0.038,0.039,0.04,0.04,0.038,0.039\n",
            "1,B12,Result,0.039,0.038,0.037,0.038,0.038,0.036,0.038,0.038,0.038,0.037,0.038,0.038,0.039,0.038,0.038,0.038,0.038,0.038,0.037,0.039,0.037,0.038,0.038,0.037,0.038,0.037,0.038,0.037,0.038,0.038,0.039,0.037,0.038,0.038,0.037,0.038,0.037,0.037,0.037,0.038,0.039,0.037,0.038,0.037,0.038,0.037,0.038,0.038,0.038,0.038,0.038,0.038,0.038,0.037,0.037,0.039,0.037,0.037,0.038,0.038,0.038,0.036,0.039,0.037,0.037,0.038,0.038,0.037,0.038,0.038,0.038,0.037,0.037,0.038,0.038,0.038,0.039,0.037,0.037,0.038,0.037,0.038,0.038,0.038,0.038,0.037,0.037,0.037,0.038,0.038,0.038,0.038,0.038,0.039,0.037,0.037\n",
            "1,C1,Result,0.041,0.04,0.04,0.04,0.038,0.039,0.039,0.039,0.041,0.04,0.04,0.04,0.039,0.04,0.041,0.04,0.04,0.039,0.041,0.04,0.04,0.04,0.041,0.04,0.04,0.041,0.041,0.041,0.039,0.041,0.042,0.039,0.042,0.041,0.04,0.041,0.04,0.04,0.04,0.039,0.039,0.04,0.039,0.041,0.04,0.04,0.039,0.041,0.04,0.04,0.041,0.04,0.04,0.04,0.041,0.041,0.04,0.04,0.041,0.041,0.04,0.04,0.041,0.04,0.04,0.041,0.04,0.04,0.039,0.04,0.04,0.039,0.039,0.04,0.041,0.039,0.041,0.041,0.039,0.041,0.039,0.04,0.041,0.041,0.04,0.041,0.04,0.04,0.039,0.04,0.04,0.04,0.041,0.039,0.04,0.04\n",
            "1,C2,Result,0.041,0.039,0.04,0.04,0.039,0.04,0.04,0.039,0.041,0.039,0.038,0.038,0.041,0.039,0.041,0.04,0.04,0.04,0.039,0.04,0.04,0.04,0.04,0.039,0.039,0.041,0.039,0.04,0.04,0.039,0.04,0.039,0.041,0.039,0.039,0.038,0.04,0.039,0.039,0.041,0.041,0.04,0.04,0.041,0.04,0.04,0.039,0.039,0.04,0.04,0.041,0.039,0.041,0.038,0.039,0.04,0.041,0.04,0.039,0.039,0.04,0.04,0.04,0.04,0.039,0.04,0.039,0.039,0.039,0.04,0.04,0.039,0.04,0.04,0.04,0.039,0.04,0.04,0.038,0.039,0.04,0.039,0.039,0.04,0.039,0.039,0.039,0.039,0.04,0.04,0.04,0.039,0.041,0.041,0.041,0.041\n",
            "1,C3,Result,0.041,0.04,0.04,0.04,0.04,0.04,0.039,0.04,0.039,0.039,0.039,0.04,0.04,0.039,0.04,0.04,0.039,0.04,0.041,0.04,0.041,0.04,0.04,0.039,0.041,0.04,0.041,0.041,0.04,0.039,0.041,0.041,0.041,0.04,0.04,0.04,0.039,0.04,0.039,0.04,0.04,0.039,0.04,0.039,0.04,0.041,0.039,0.04,0.04,0.04,0.039,0.04,0.041,0.04,0.041,0.042,0.041,0.04,0.04,0.041,0.04,0.04,0.041,0.039,0.039,0.041,0.04,0.039,0.04,0.04,0.04,0.039,0.04,0.041,0.041,0.039,0.042,0.039,0.039,0.039,0.039,0.039,0.039,0.041,0.04,0.04,0.041,0.041,0.039,0.039,0.041,0.041,0.041,0.04,0.04,0.04\n",
            "1,C4,Result,0.041,0.039,0.04,0.04,0.04,0.039,0.04,0.041,0.041,0.039,0.039,0.04,0.04,0.039,0.039,0.04,0.039,0.041,0.04,0.04,0.04,0.041,0.042,0.04,0.04,0.041,0.04,0.041,0.04,0.04,0.042,0.04,0.041,0.041,0.041,0.039,0.04,0.04,0.041,0.041,0.04,0.041,0.04,0.04,0.04,0.041,0.04,0.041,0.04,0.039,0.039,0.04,0.041,0.04,0.041,0.042,0.041,0.04,0.042,0.042,0.04,0.042,0.041,0.04,0.04,0.041,0.042,0.04,0.04,0.041,0.04,0.04,0.042,0.041,0.041,0.04,0.04,0.041,0.04,0.041,0.041,0.041,0.041,0.039,0.04,0.04,0.041,0.041,0.041,0.04,0.041,0.042,0.042,0.04,0.04,0.041\n",
            "1,C5,Result,0.043,0.039,0.039,0.041,0.04,0.039,0.039,0.041,0.04,0.039,0.04,0.04,0.042,0.04,0.043,0.041,0.041,0.041,0.042,0.042,0.042,0.041,0.042,0.041,0.041,0.043,0.042,0.042,0.042,0.042,0.042,0.042,0.041,0.042,0.042,0.043,0.042,0.042,0.042,0.041,0.043,0.042,0.043,0.042,0.043,0.041,0.043,0.042,0.042,0.042,0.043,0.042,0.042,0.042,0.042,0.043,0.042,0.042,0.042,0.043,0.042,0.043,0.041,0.041,0.042,0.043,0.042,0.043,0.042,0.043,0.041,0.042,0.042,0.043,0.042,0.043,0.044,0.042,0.042,0.041,0.042,0.041,0.041,0.042,0.042,0.042,0.042,0.042,0.041,0.042,0.043,0.043,0.042,0.043,0.042,0.042\n",
            "1,C6,Result,0.042,0.04,0.04,0.041,0.039,0.04,0.04,0.04,0.04,0.04,0.039,0.041,0.04,0.039,0.039,0.039,0.038,0.04,0.04,0.039,0.04,0.04,0.039,0.04,0.039,0.039,0.04,0.042,0.04,0.04,0.04,0.039,0.04,0.04,0.04,0.041,0.04,0.04,0.04,0.04,0.041,0.039,0.041,0.041,0.04,0.041,0.04,0.041,0.041,0.04,0.039,0.04,0.041,0.04,0.04,0.041,0.04,0.04,0.04,0.039,0.04,0.04,0.041,0.039,0.04,0.041,0.04,0.04,0.039,0.042,0.04,0.039,0.04,0.04,0.042,0.04,0.041,0.04,0.04,0.039,0.041,0.041,0.041,0.041,0.04,0.04,0.041,0.04,0.041,0.04,0.04,0.041,0.04,0.041,0.04,0.04\n",
            "1,C7,Result,0.04,0.039,0.039,0.042,0.039,0.039,0.041,0.041,0.041,0.04,0.04,0.039,0.04,0.039,0.04,0.04,0.041,0.04,0.039,0.042,0.04,0.041,0.041,0.04,0.039,0.04,0.04,0.041,0.04,0.041,0.041,0.039,0.041,0.039,0.039,0.041,0.041,0.041,0.041,0.041,0.041,0.041,0.041,0.042,0.042,0.041,0.041,0.043,0.041,0.04,0.041,0.042,0.041,0.041,0.042,0.042,0.041,0.042,0.042,0.042,0.042,0.041,0.042,0.04,0.041,0.042,0.042,0.04,0.041,0.042,0.04,0.042,0.04,0.041,0.042,0.04,0.042,0.041,0.039,0.041,0.04,0.042,0.041,0.041,0.042,0.043,0.041,0.041,0.041,0.041,0.04,0.041,0.041,0.041,0.042,0.042\n",
            "1,C8,Result,0.039,0.039,0.038,0.039,0.038,0.038,0.038,0.039,0.039,0.037,0.04,0.038,0.039,0.039,0.041,0.038,0.039,0.04,0.039,0.039,0.038,0.039,0.04,0.038,0.039,0.038,0.039,0.04,0.039,0.039,0.04,0.039,0.04,0.039,0.039,0.04,0.039,0.04,0.04,0.039,0.039,0.04,0.039,0.04,0.04,0.04,0.039,0.039,0.039,0.04,0.039,0.04,0.039,0.038,0.04,0.041,0.04,0.04,0.04,0.042,0.041,0.04,0.04,0.039,0.04,0.041,0.039,0.039,0.039,0.041,0.04,0.04,0.04,0.041,0.04,0.039,0.04,0.041,0.039,0.04,0.04,0.039,0.04,0.04,0.04,0.039,0.041,0.041,0.04,0.04,0.04,0.04,0.04,0.041,0.038,0.039\n",
            "1,C9,Result,0.042,0.039,0.039,0.041,0.039,0.039,0.04,0.039,0.038,0.04,0.038,0.039,0.042,0.04,0.04,0.04,0.041,0.04,0.04,0.04,0.039,0.04,0.04,0.038,0.041,0.04,0.039,0.04,0.039,0.038,0.041,0.04,0.041,0.043,0.041,0.04,0.04,0.041,0.04,0.04,0.041,0.041,0.04,0.041,0.041,0.039,0.04,0.041,0.041,0.04,0.039,0.04,0.041,0.039,0.041,0.04,0.041,0.04,0.041,0.04,0.041,0.041,0.041,0.041,0.041,0.043,0.042,0.042,0.041,0.043,0.04,0.041,0.041,0.041,0.041,0.041,0.04,0.039,0.041,0.042,0.04,0.04,0.042,0.04,0.04,0.04,0.041,0.04,0.041,0.041,0.041,0.042,0.042,0.041,0.041,0.041\n",
            "1,C10,Result,0.038,0.038,0.036,0.037,0.037,0.036,0.036,0.037,0.038,0.037,0.037,0.037,0.038,0.037,0.038,0.038,0.037,0.038,0.038,0.037,0.037,0.037,0.038,0.036,0.038,0.037,0.037,0.037,0.039,0.038,0.037,0.037,0.036,0.037,0.038,0.037,0.037,0.038,0.036,0.038,0.038,0.038,0.036,0.038,0.038,0.037,0.037,0.039,0.038,0.038,0.039,0.038,0.039,0.036,0.039,0.037,0.038,0.038,0.038,0.039,0.038,0.039,0.038,0.037,0.038,0.039,0.038,0.037,0.038,0.038,0.038,0.037,0.037,0.038,0.04,0.038,0.039,0.037,0.038,0.039,0.039,0.038,0.038,0.039,0.039,0.038,0.039,0.039,0.039,0.038,0.039,0.039,0.04,0.038,0.039,0.038\n",
            "1,C11,Result,0.039,0.039,0.039,0.037,0.039,0.039,0.039,0.039,0.037,0.038,0.038,0.038,0.04,0.037,0.039,0.039,0.038,0.039,0.039,0.038,0.039,0.039,0.04,0.037,0.038,0.039,0.038,0.041,0.039,0.038,0.04,0.039,0.039,0.04,0.039,0.039,0.038,0.039,0.038,0.038,0.039,0.039,0.037,0.039,0.04,0.039,0.039,0.04,0.038,0.041,0.039,0.038,0.039,0.039,0.039,0.04,0.039,0.039,0.039,0.04,0.039,0.04,0.04,0.038,0.04,0.038,0.039,0.038,0.039,0.04,0.038,0.04,0.039,0.04,0.04,0.04,0.041,0.04,0.039,0.04,0.039,0.041,0.039,0.039,0.04,0.039,0.039,0.039,0.039,0.04,0.039,0.04,0.04,0.04,0.041,0.04\n",
            "1,C12,Result,0.042,0.042,0.042,0.042,0.042,0.041,0.043,0.04,0.042,0.04,0.041,0.042,0.041,0.041,0.041,0.042,0.042,0.041,0.042,0.041,0.042,0.041,0.041,0.04,0.042,0.042,0.041,0.042,0.043,0.042,0.041,0.042,0.04,0.041,0.041,0.041,0.041,0.041,0.043,0.042,0.041,0.041,0.04,0.042,0.041,0.042,0.04,0.042,0.042,0.041,0.042,0.039,0.042,0.04,0.042,0.042,0.042,0.042,0.041,0.04,0.041,0.042,0.042,0.041,0.041,0.042,0.041,0.041,0.041,0.042,0.041,0.042,0.041,0.041,0.042,0.041,0.042,0.041,0.039,0.042,0.043,0.041,0.042,0.041,0.042,0.041,0.043,0.041,0.041,0.042,0.041,0.042,0.042,0.04,0.042,0.042\n",
            "1,D1,Result,0.04,0.039,0.039,0.04,0.038,0.04,0.038,0.04,0.038,0.039,0.04,0.039,0.039,0.038,0.04,0.04,0.041,0.041,0.041,0.041,0.037,0.041,0.04,0.039,0.04,0.04,0.039,0.039,0.041,0.039,0.04,0.039,0.041,0.04,0.039,0.041,0.04,0.039,0.037,0.04,0.04,0.04,0.04,0.04,0.039,0.039,0.039,0.04,0.04,0.039,0.041,0.039,0.04,0.039,0.04,0.041,0.039,0.04,0.04,0.04,0.04,0.039,0.042,0.04,0.041,0.042,0.044,0.043,0.043,0.044,0.043,0.044,0.043,0.043,0.043,0.042,0.042,0.042,0.043,0.043,0.042,0.042,0.043,0.045,0.044,0.044,0.042,0.044,0.043,0.043,0.043,0.043,0.043,0.044,0.043,0.043\n",
            "1,D2,Result,0.04,0.039,0.039,0.038,0.039,0.038,0.04,0.04,0.039,0.04,0.039,0.039,0.041,0.039,0.039,0.04,0.039,0.038,0.04,0.038,0.039,0.039,0.039,0.039,0.04,0.041,0.04,0.039,0.04,0.039,0.04,0.04,0.039,0.039,0.038,0.039,0.04,0.039,0.038,0.039,0.041,0.039,0.04,0.039,0.04,0.04,0.04,0.039,0.039,0.038,0.038,0.039,0.04,0.039,0.04,0.039,0.039,0.038,0.038,0.04,0.039,0.04,0.04,0.038,0.038,0.039,0.037,0.04,0.04,0.04,0.038,0.038,0.039,0.038,0.041,0.039,0.04,0.04,0.039,0.04,0.04,0.039,0.039,0.039,0.04,0.039,0.039,0.039,0.038,0.039,0.039,0.039,0.04,0.039,0.04,0.039\n",
            "1,D3,Result,0.041,0.041,0.04,0.04,0.041,0.04,0.042,0.041,0.041,0.04,0.042,0.04,0.041,0.04,0.042,0.04,0.04,0.04,0.041,0.04,0.041,0.041,0.042,0.041,0.04,0.039,0.04,0.04,0.04,0.041,0.041,0.042,0.04,0.04,0.04,0.04,0.04,0.04,0.04,0.041,0.042,0.04,0.041,0.041,0.042,0.041,0.041,0.042,0.04,0.041,0.041,0.041,0.042,0.041,0.041,0.043,0.04,0.04,0.042,0.041,0.041,0.04,0.042,0.04,0.041,0.042,0.041,0.041,0.041,0.043,0.04,0.04,0.041,0.042,0.04,0.039,0.041,0.041,0.041,0.042,0.041,0.04,0.04,0.041,0.041,0.042,0.041,0.04,0.041,0.041,0.042,0.041,0.042,0.041,0.041,0.042\n",
            "1,D4,Result,0.04,0.039,0.04,0.04,0.037,0.038,0.039,0.04,0.039,0.039,0.038,0.037,0.038,0.038,0.039,0.039,0.039,0.039,0.04,0.037,0.039,0.038,0.04,0.039,0.039,0.039,0.04,0.039,0.039,0.039,0.04,0.039,0.037,0.039,0.038,0.039,0.039,0.039,0.039,0.037,0.039,0.039,0.038,0.04,0.039,0.039,0.039,0.04,0.039,0.038,0.04,0.038,0.039,0.037,0.04,0.039,0.04,0.038,0.041,0.041,0.04,0.038,0.038,0.037,0.039,0.039,0.039,0.04,0.038,0.04,0.04,0.038,0.039,0.038,0.04,0.04,0.039,0.04,0.038,0.038,0.038,0.04,0.04,0.039,0.039,0.04,0.04,0.038,0.038,0.039,0.039,0.04,0.039,0.04,0.04,0.039\n",
            "1,D5,Result,0.039,0.038,0.037,0.039,0.04,0.039,0.039,0.038,0.039,0.039,0.04,0.038,0.04,0.039,0.038,0.039,0.039,0.038,0.038,0.038,0.039,0.038,0.039,0.037,0.04,0.039,0.039,0.039,0.039,0.039,0.04,0.039,0.037,0.039,0.038,0.038,0.039,0.039,0.039,0.04,0.04,0.039,0.039,0.04,0.04,0.038,0.038,0.04,0.039,0.038,0.04,0.04,0.04,0.04,0.038,0.041,0.041,0.038,0.038,0.04,0.039,0.038,0.04,0.039,0.039,0.04,0.038,0.038,0.039,0.042,0.039,0.039,0.039,0.04,0.041,0.039,0.04,0.038,0.039,0.039,0.039,0.041,0.04,0.04,0.04,0.04,0.04,0.039,0.039,0.04,0.038,0.04,0.039,0.04,0.04,0.04\n",
            "1,D6,Result,0.039,0.039,0.038,0.038,0.038,0.037,0.039,0.038,0.038,0.038,0.037,0.037,0.039,0.039,0.038,0.039,0.039,0.038,0.038,0.037,0.037,0.037,0.039,0.036,0.038,0.038,0.038,0.039,0.039,0.039,0.038,0.038,0.038,0.039,0.036,0.039,0.037,0.039,0.038,0.039,0.039,0.039,0.038,0.037,0.037,0.039,0.038,0.038,0.038,0.038,0.037,0.039,0.039,0.038,0.039,0.04,0.038,0.037,0.039,0.039,0.038,0.037,0.038,0.038,0.039,0.039,0.039,0.039,0.04,0.04,0.04,0.038,0.037,0.039,0.039,0.038,0.039,0.038,0.037,0.04,0.038,0.037,0.04,0.039,0.039,0.039,0.038,0.039,0.038,0.037,0.039,0.041,0.039,0.037,0.039,0.039\n",
            "1,D7,Result,0.04,0.04,0.04,0.041,0.039,0.039,0.04,0.04,0.039,0.039,0.039,0.039,0.041,0.041,0.04,0.04,0.04,0.04,0.04,0.041,0.041,0.039,0.041,0.04,0.04,0.04,0.04,0.04,0.04,0.041,0.041,0.04,0.041,0.04,0.04,0.041,0.041,0.041,0.039,0.042,0.041,0.041,0.041,0.041,0.042,0.041,0.039,0.042,0.04,0.042,0.042,0.039,0.041,0.039,0.041,0.042,0.042,0.04,0.041,0.041,0.041,0.041,0.041,0.04,0.041,0.041,0.04,0.04,0.041,0.042,0.041,0.041,0.04,0.041,0.041,0.041,0.042,0.04,0.042,0.041,0.042,0.042,0.041,0.042,0.042,0.041,0.041,0.041,0.041,0.04,0.039,0.041,0.043,0.041,0.042,0.041\n",
            "1,D8,Result,0.041,0.04,0.039,0.038,0.039,0.038,0.038,0.039,0.04,0.038,0.04,0.038,0.039,0.039,0.04,0.039,0.038,0.039,0.039,0.04,0.039,0.038,0.038,0.038,0.04,0.038,0.038,0.039,0.039,0.04,0.039,0.039,0.039,0.039,0.038,0.037,0.039,0.039,0.04,0.039,0.039,0.04,0.039,0.039,0.041,0.039,0.039,0.041,0.04,0.038,0.039,0.04,0.04,0.039,0.04,0.04,0.04,0.039,0.039,0.039,0.04,0.04,0.04,0.039,0.039,0.041,0.04,0.039,0.04,0.04,0.041,0.04,0.041,0.04,0.04,0.04,0.041,0.039,0.04,0.041,0.04,0.04,0.04,0.041,0.039,0.041,0.04,0.039,0.04,0.039,0.039,0.041,0.039,0.041,0.041,0.04\n",
            "1,D9,Result,0.04,0.038,0.038,0.04,0.039,0.039,0.041,0.04,0.039,0.039,0.041,0.039,0.038,0.04,0.041,0.039,0.039,0.039,0.04,0.04,0.038,0.039,0.041,0.038,0.041,0.038,0.04,0.04,0.04,0.039,0.04,0.04,0.04,0.04,0.038,0.04,0.04,0.041,0.039,0.039,0.04,0.04,0.039,0.04,0.042,0.039,0.042,0.041,0.04,0.04,0.041,0.04,0.041,0.04,0.04,0.041,0.042,0.04,0.04,0.041,0.039,0.039,0.04,0.039,0.04,0.04,0.039,0.04,0.04,0.041,0.04,0.041,0.04,0.041,0.041,0.039,0.041,0.042,0.04,0.04,0.04,0.041,0.04,0.042,0.041,0.041,0.041,0.041,0.041,0.041,0.041,0.04,0.042,0.04,0.042,0.042\n",
            "1,D10,Result,0.039,0.039,0.041,0.039,0.038,0.04,0.04,0.04,0.039,0.039,0.039,0.039,0.039,0.037,0.039,0.04,0.039,0.038,0.039,0.039,0.039,0.038,0.041,0.039,0.04,0.039,0.039,0.042,0.039,0.04,0.041,0.04,0.041,0.04,0.041,0.04,0.039,0.041,0.039,0.04,0.041,0.04,0.041,0.04,0.041,0.04,0.041,0.04,0.041,0.04,0.041,0.039,0.04,0.039,0.041,0.041,0.039,0.04,0.041,0.041,0.041,0.04,0.039,0.039,0.038,0.04,0.039,0.04,0.038,0.042,0.039,0.041,0.039,0.039,0.04,0.04,0.041,0.04,0.04,0.039,0.039,0.04,0.04,0.041,0.04,0.042,0.04,0.039,0.039,0.04,0.042,0.041,0.041,0.04,0.04,0.039\n",
            "1,D11,Result,0.038,0.039,0.039,0.039,0.038,0.037,0.04,0.039,0.039,0.039,0.037,0.04,0.039,0.038,0.037,0.038,0.038,0.038,0.039,0.039,0.038,0.04,0.038,0.039,0.04,0.039,0.039,0.039,0.039,0.038,0.039,0.039,0.039,0.04,0.039,0.039,0.042,0.04,0.039,0.04,0.04,0.039,0.04,0.039,0.039,0.039,0.04,0.04,0.04,0.038,0.039,0.04,0.04,0.038,0.039,0.04,0.039,0.039,0.038,0.04,0.04,0.039,0.041,0.039,0.04,0.04,0.04,0.039,0.039,0.04,0.04,0.04,0.039,0.039,0.041,0.04,0.041,0.04,0.038,0.04,0.04,0.04,0.039,0.043,0.04,0.04,0.039,0.041,0.041,0.04,0.04,0.038,0.041,0.04,0.04,0.04\n",
            "1,D12,Result,0.052,0.051,0.049,0.05,0.05,0.049,0.051,0.052,0.051,0.049,0.049,0.05,0.051,0.049,0.05,0.049,0.051,0.051,0.05,0.049,0.05,0.049,0.05,0.048,0.049,0.05,0.05,0.049,0.05,0.051,0.051,0.047,0.049,0.049,0.049,0.051,0.051,0.05,0.049,0.05,0.05,0.051,0.049,0.05,0.05,0.049,0.049,0.049,0.051,0.049,0.05,0.051,0.05,0.048,0.05,0.05,0.051,0.05,0.051,0.05,0.05,0.05,0.05,0.049,0.048,0.05,0.049,0.05,0.049,0.051,0.049,0.05,0.05,0.05,0.051,0.049,0.05,0.05,0.048,0.049,0.05,0.051,0.049,0.051,0.049,0.05,0.049,0.049,0.051,0.05,0.051,0.051,0.051,0.05,0.05,0.05\n",
            "1,E1,Result,0.04,0.038,0.038,0.037,0.039,0.04,0.039,0.039,0.04,0.039,0.039,0.04,0.038,0.039,0.038,0.039,0.039,0.04,0.038,0.039,0.039,0.04,0.039,0.039,0.038,0.038,0.039,0.04,0.039,0.038,0.04,0.038,0.039,0.039,0.039,0.039,0.039,0.04,0.037,0.039,0.039,0.039,0.04,0.038,0.04,0.039,0.038,0.04,0.04,0.038,0.039,0.039,0.039,0.038,0.04,0.039,0.039,0.039,0.039,0.04,0.037,0.039,0.04,0.038,0.04,0.04,0.038,0.039,0.039,0.04,0.039,0.038,0.039,0.038,0.038,0.038,0.039,0.04,0.038,0.039,0.039,0.038,0.039,0.04,0.039,0.039,0.039,0.038,0.038,0.039,0.038,0.038,0.04,0.039,0.039,0.04\n",
            "1,E2,Result,0.041,0.04,0.04,0.04,0.039,0.038,0.04,0.041,0.039,0.039,0.039,0.04,0.041,0.04,0.04,0.039,0.04,0.041,0.041,0.04,0.039,0.041,0.039,0.039,0.039,0.04,0.039,0.04,0.041,0.039,0.041,0.039,0.039,0.041,0.039,0.039,0.038,0.041,0.039,0.04,0.041,0.039,0.04,0.04,0.04,0.039,0.037,0.041,0.04,0.039,0.041,0.04,0.039,0.039,0.04,0.039,0.04,0.04,0.04,0.04,0.039,0.04,0.04,0.04,0.039,0.04,0.04,0.039,0.039,0.041,0.04,0.04,0.04,0.039,0.041,0.039,0.04,0.039,0.04,0.039,0.04,0.04,0.039,0.04,0.039,0.04,0.04,0.04,0.04,0.04,0.04,0.039,0.04,0.039,0.04,0.042\n",
            "1,E3,Result,0.041,0.039,0.038,0.039,0.037,0.037,0.038,0.039,0.037,0.038,0.038,0.037,0.039,0.039,0.039,0.036,0.038,0.046,0.046,0.045,0.044,0.046,0.046,0.046,0.045,0.046,0.046,0.045,0.046,0.045,0.045,0.046,0.045,0.046,0.045,0.046,0.045,0.044,0.045,0.045,0.045,0.044,0.046,0.045,0.046,0.044,0.045,0.047,0.045,0.046,0.047,0.047,0.046,0.045,0.047,0.045,0.046,0.045,0.045,0.046,0.044,0.045,0.046,0.047,0.046,0.046,0.045,0.045,0.043,0.047,0.046,0.045,0.047,0.045,0.046,0.047,0.046,0.046,0.046,0.047,0.047,0.046,0.045,0.045,0.045,0.046,0.046,0.046,0.046,0.045,0.045,0.046,0.044,0.045,0.045,0.045\n",
            "1,E4,Result,0.042,0.04,0.039,0.041,0.04,0.04,0.041,0.041,0.042,0.042,0.041,0.041,0.042,0.041,0.043,0.041,0.041,0.041,0.042,0.042,0.041,0.042,0.043,0.041,0.042,0.042,0.041,0.044,0.043,0.042,0.043,0.04,0.042,0.042,0.04,0.041,0.041,0.042,0.041,0.042,0.044,0.042,0.041,0.044,0.042,0.043,0.042,0.043,0.041,0.042,0.041,0.042,0.042,0.042,0.043,0.042,0.042,0.043,0.043,0.043,0.042,0.042,0.041,0.041,0.042,0.043,0.042,0.042,0.042,0.043,0.042,0.042,0.043,0.042,0.042,0.042,0.043,0.043,0.041,0.043,0.042,0.042,0.043,0.044,0.043,0.042,0.041,0.042,0.042,0.042,0.041,0.043,0.042,0.042,0.043,0.042\n",
            "1,E5,Result,0.04,0.039,0.038,0.038,0.04,0.039,0.039,0.039,0.039,0.038,0.039,0.038,0.039,0.038,0.038,0.039,0.04,0.039,0.039,0.038,0.039,0.04,0.039,0.039,0.039,0.039,0.039,0.039,0.039,0.039,0.039,0.04,0.039,0.039,0.04,0.039,0.039,0.039,0.04,0.041,0.04,0.039,0.039,0.039,0.039,0.038,0.039,0.039,0.038,0.038,0.039,0.039,0.04,0.039,0.041,0.038,0.039,0.039,0.04,0.04,0.038,0.039,0.039,0.038,0.038,0.039,0.039,0.038,0.038,0.039,0.038,0.038,0.038,0.039,0.039,0.039,0.039,0.04,0.038,0.039,0.039,0.039,0.041,0.04,0.039,0.039,0.039,0.039,0.039,0.038,0.039,0.039,0.039,0.038,0.04,0.04\n",
            "1,E6,Result,0.04,0.04,0.038,0.039,0.038,0.038,0.038,0.038,0.04,0.039,0.039,0.038,0.039,0.039,0.04,0.038,0.039,0.039,0.037,0.037,0.037,0.038,0.039,0.039,0.038,0.037,0.039,0.039,0.04,0.038,0.039,0.038,0.038,0.039,0.036,0.039,0.038,0.038,0.039,0.038,0.04,0.038,0.039,0.038,0.039,0.039,0.039,0.039,0.038,0.037,0.039,0.04,0.039,0.038,0.04,0.039,0.038,0.038,0.038,0.04,0.039,0.039,0.039,0.037,0.038,0.039,0.038,0.037,0.038,0.039,0.039,0.04,0.039,0.038,0.038,0.037,0.039,0.039,0.038,0.039,0.039,0.038,0.04,0.039,0.038,0.039,0.038,0.039,0.039,0.038,0.039,0.039,0.039,0.039,0.039,0.039\n",
            "1,E7,Result,0.039,0.038,0.038,0.039,0.038,0.038,0.039,0.039,0.039,0.038,0.037,0.036,0.037,0.037,0.039,0.038,0.038,0.038,0.039,0.038,0.037,0.037,0.038,0.038,0.039,0.038,0.039,0.038,0.039,0.037,0.038,0.038,0.038,0.038,0.038,0.039,0.039,0.038,0.039,0.039,0.039,0.039,0.039,0.04,0.039,0.037,0.038,0.038,0.037,0.038,0.041,0.038,0.038,0.038,0.039,0.04,0.038,0.038,0.038,0.04,0.039,0.038,0.039,0.038,0.039,0.039,0.039,0.039,0.038,0.039,0.038,0.038,0.038,0.039,0.039,0.038,0.039,0.039,0.038,0.04,0.038,0.037,0.038,0.039,0.039,0.039,0.037,0.04,0.039,0.039,0.038,0.041,0.04,0.039,0.039,0.038\n",
            "1,E8,Result,0.042,0.04,0.042,0.041,0.041,0.041,0.042,0.041,0.041,0.041,0.04,0.04,0.041,0.041,0.041,0.041,0.042,0.04,0.041,0.041,0.041,0.04,0.042,0.041,0.041,0.042,0.04,0.042,0.042,0.041,0.043,0.042,0.04,0.042,0.042,0.04,0.041,0.042,0.041,0.043,0.042,0.042,0.043,0.041,0.042,0.042,0.042,0.042,0.041,0.041,0.042,0.041,0.042,0.042,0.042,0.043,0.042,0.042,0.042,0.042,0.042,0.041,0.043,0.041,0.042,0.041,0.042,0.041,0.042,0.043,0.042,0.043,0.042,0.041,0.043,0.041,0.042,0.042,0.042,0.042,0.041,0.042,0.042,0.044,0.043,0.043,0.042,0.042,0.043,0.042,0.041,0.044,0.042,0.043,0.041,0.043\n",
            "1,E9,Result,0.043,0.041,0.041,0.044,0.045,0.043,0.045,0.044,0.044,0.044,0.045,0.044,0.044,0.045,0.044,0.045,0.045,0.045,0.045,0.044,0.044,0.044,0.043,0.044,0.045,0.044,0.044,0.045,0.045,0.044,0.044,0.044,0.043,0.044,0.044,0.046,0.043,0.045,0.044,0.044,0.045,0.045,0.045,0.045,0.044,0.045,0.043,0.044,0.044,0.043,0.043,0.045,0.043,0.043,0.045,0.045,0.044,0.043,0.045,0.045,0.044,0.044,0.045,0.043,0.045,0.045,0.045,0.046,0.045,0.045,0.046,0.044,0.045,0.046,0.046,0.044,0.046,0.045,0.046,0.045,0.046,0.044,0.045,0.046,0.045,0.046,0.046,0.045,0.046,0.046,0.046,0.045,0.046,0.046,0.045,0.047\n",
            "1,E10,Result,0.039,0.039,0.039,0.04,0.039,0.039,0.041,0.039,0.039,0.039,0.04,0.039,0.039,0.039,0.039,0.038,0.039,0.04,0.041,0.039,0.039,0.038,0.038,0.038,0.038,0.039,0.039,0.04,0.041,0.038,0.041,0.04,0.04,0.039,0.038,0.04,0.039,0.039,0.039,0.039,0.04,0.039,0.039,0.041,0.041,0.04,0.04,0.041,0.04,0.04,0.04,0.041,0.04,0.04,0.041,0.041,0.04,0.04,0.039,0.039,0.04,0.041,0.039,0.04,0.039,0.041,0.04,0.041,0.039,0.041,0.039,0.039,0.038,0.039,0.041,0.039,0.041,0.04,0.039,0.04,0.04,0.04,0.039,0.041,0.04,0.04,0.04,0.041,0.039,0.039,0.041,0.04,0.042,0.04,0.04,0.04\n",
            "1,E11,Result,0.042,0.04,0.039,0.041,0.04,0.041,0.041,0.041,0.041,0.041,0.04,0.039,0.041,0.042,0.042,0.04,0.042,0.04,0.041,0.041,0.041,0.04,0.04,0.04,0.039,0.04,0.041,0.042,0.042,0.042,0.041,0.04,0.041,0.041,0.041,0.041,0.041,0.04,0.04,0.041,0.04,0.042,0.041,0.042,0.042,0.04,0.04,0.042,0.041,0.04,0.041,0.04,0.04,0.039,0.041,0.042,0.041,0.04,0.04,0.042,0.042,0.04,0.042,0.039,0.041,0.042,0.04,0.04,0.041,0.042,0.041,0.041,0.04,0.042,0.04,0.041,0.042,0.041,0.04,0.04,0.04,0.041,0.04,0.041,0.04,0.04,0.04,0.041,0.041,0.041,0.039,0.041,0.041,0.04,0.042,0.041\n",
            "1,E12,Result,0.043,0.042,0.042,0.044,0.043,0.043,0.041,0.042,0.043,0.042,0.042,0.042,0.042,0.04,0.043,0.042,0.042,0.042,0.043,0.042,0.042,0.042,0.043,0.041,0.043,0.042,0.042,0.042,0.043,0.041,0.043,0.042,0.041,0.043,0.041,0.042,0.042,0.043,0.041,0.042,0.041,0.043,0.042,0.041,0.043,0.043,0.042,0.042,0.043,0.042,0.042,0.043,0.041,0.041,0.042,0.042,0.042,0.041,0.042,0.041,0.042,0.042,0.04,0.042,0.041,0.043,0.042,0.041,0.042,0.043,0.042,0.042,0.042,0.042,0.042,0.041,0.042,0.042,0.043,0.041,0.041,0.041,0.044,0.044,0.043,0.042,0.042,0.044,0.043,0.041,0.042,0.042,0.042,0.042,0.042,0.043\n",
            "1,F1,Result,0.04,0.04,0.04,0.04,0.039,0.041,0.041,0.041,0.041,0.039,0.041,0.04,0.041,0.041,0.042,0.041,0.041,0.04,0.043,0.042,0.041,0.042,0.042,0.042,0.041,0.042,0.041,0.042,0.041,0.041,0.042,0.041,0.041,0.041,0.042,0.042,0.041,0.041,0.041,0.041,0.041,0.041,0.042,0.041,0.042,0.042,0.04,0.042,0.041,0.04,0.042,0.041,0.042,0.042,0.042,0.041,0.042,0.041,0.042,0.042,0.041,0.041,0.042,0.042,0.041,0.041,0.041,0.041,0.04,0.041,0.042,0.041,0.042,0.041,0.041,0.04,0.042,0.041,0.04,0.041,0.041,0.042,0.042,0.042,0.041,0.04,0.04,0.042,0.041,0.041,0.041,0.041,0.041,0.042,0.041,0.039\n",
            "1,F2,Result,0.042,0.039,0.039,0.04,0.041,0.038,0.041,0.041,0.04,0.039,0.04,0.04,0.042,0.039,0.04,0.04,0.042,0.041,0.04,0.04,0.04,0.039,0.042,0.041,0.042,0.041,0.041,0.042,0.042,0.04,0.041,0.041,0.042,0.04,0.041,0.039,0.041,0.041,0.04,0.04,0.042,0.041,0.041,0.04,0.04,0.04,0.04,0.04,0.039,0.04,0.041,0.041,0.04,0.04,0.041,0.043,0.041,0.04,0.041,0.04,0.039,0.041,0.042,0.039,0.042,0.04,0.04,0.039,0.04,0.041,0.04,0.039,0.042,0.04,0.041,0.041,0.04,0.042,0.039,0.04,0.041,0.041,0.041,0.042,0.04,0.041,0.041,0.04,0.04,0.041,0.04,0.039,0.041,0.039,0.041,0.041\n",
            "1,F3,Result,0.042,0.041,0.04,0.042,0.041,0.041,0.04,0.039,0.04,0.038,0.039,0.039,0.04,0.04,0.04,0.04,0.041,0.04,0.042,0.042,0.042,0.04,0.041,0.041,0.041,0.04,0.04,0.04,0.04,0.041,0.043,0.041,0.041,0.042,0.04,0.041,0.041,0.04,0.041,0.04,0.041,0.043,0.041,0.041,0.042,0.041,0.039,0.041,0.041,0.041,0.04,0.041,0.041,0.04,0.042,0.04,0.041,0.041,0.041,0.04,0.041,0.041,0.041,0.04,0.04,0.041,0.04,0.041,0.04,0.041,0.041,0.041,0.041,0.041,0.04,0.04,0.043,0.042,0.041,0.041,0.039,0.041,0.043,0.042,0.041,0.041,0.041,0.042,0.04,0.042,0.04,0.04,0.041,0.042,0.041,0.041\n",
            "1,F4,Result,0.036,0.036,0.039,0.036,0.038,0.037,0.037,0.038,0.037,0.037,0.037,0.036,0.037,0.036,0.038,0.037,0.037,0.036,0.037,0.037,0.038,0.037,0.037,0.036,0.035,0.038,0.037,0.038,0.037,0.036,0.037,0.037,0.036,0.038,0.035,0.037,0.037,0.036,0.036,0.038,0.036,0.038,0.036,0.036,0.038,0.036,0.037,0.039,0.037,0.037,0.035,0.036,0.039,0.039,0.038,0.038,0.038,0.037,0.037,0.038,0.037,0.036,0.038,0.037,0.037,0.037,0.036,0.037,0.037,0.038,0.037,0.037,0.036,0.036,0.038,0.036,0.036,0.037,0.037,0.037,0.035,0.036,0.037,0.038,0.037,0.036,0.036,0.037,0.036,0.037,0.036,0.037,0.038,0.037,0.037,0.036\n",
            "1,F5,Result,0.041,0.038,0.039,0.041,0.04,0.04,0.04,0.039,0.039,0.039,0.039,0.038,0.039,0.04,0.04,0.039,0.039,0.039,0.04,0.039,0.04,0.038,0.04,0.038,0.039,0.041,0.041,0.039,0.039,0.04,0.04,0.04,0.039,0.04,0.038,0.041,0.04,0.04,0.039,0.039,0.039,0.04,0.039,0.039,0.039,0.038,0.04,0.041,0.04,0.04,0.04,0.04,0.04,0.039,0.041,0.041,0.041,0.04,0.039,0.041,0.039,0.04,0.041,0.039,0.039,0.039,0.04,0.04,0.039,0.041,0.039,0.039,0.039,0.04,0.041,0.038,0.041,0.04,0.04,0.039,0.039,0.041,0.042,0.04,0.039,0.04,0.04,0.04,0.038,0.041,0.04,0.039,0.04,0.039,0.04,0.04\n",
            "1,F6,Result,0.041,0.038,0.039,0.041,0.038,0.039,0.04,0.04,0.04,0.039,0.04,0.04,0.041,0.037,0.042,0.039,0.04,0.04,0.04,0.039,0.039,0.039,0.04,0.04,0.039,0.039,0.039,0.041,0.04,0.04,0.041,0.04,0.039,0.04,0.039,0.04,0.038,0.04,0.039,0.039,0.039,0.039,0.04,0.039,0.04,0.039,0.04,0.039,0.038,0.039,0.039,0.04,0.04,0.039,0.039,0.04,0.038,0.038,0.041,0.04,0.039,0.04,0.04,0.037,0.039,0.041,0.039,0.039,0.038,0.04,0.039,0.039,0.038,0.04,0.04,0.039,0.039,0.039,0.039,0.04,0.039,0.04,0.04,0.041,0.039,0.04,0.038,0.039,0.04,0.04,0.039,0.037,0.04,0.039,0.039,0.039\n",
            "1,F7,Result,0.041,0.04,0.04,0.042,0.041,0.043,0.043,0.042,0.042,0.041,0.043,0.041,0.042,0.042,0.044,0.042,0.042,0.042,0.042,0.042,0.041,0.042,0.042,0.042,0.043,0.042,0.041,0.042,0.042,0.043,0.043,0.043,0.044,0.044,0.042,0.044,0.043,0.044,0.043,0.043,0.041,0.043,0.043,0.044,0.043,0.041,0.042,0.042,0.043,0.042,0.041,0.041,0.043,0.04,0.041,0.041,0.042,0.039,0.04,0.041,0.041,0.042,0.04,0.041,0.042,0.043,0.041,0.042,0.042,0.043,0.044,0.042,0.044,0.044,0.044,0.043,0.043,0.043,0.041,0.045,0.044,0.042,0.042,0.043,0.043,0.042,0.042,0.043,0.042,0.042,0.042,0.042,0.043,0.042,0.043,0.043\n",
            "1,F8,Result,0.04,0.039,0.04,0.038,0.04,0.039,0.041,0.04,0.041,0.04,0.039,0.039,0.041,0.04,0.041,0.041,0.041,0.04,0.04,0.041,0.039,0.041,0.041,0.04,0.04,0.039,0.041,0.04,0.042,0.04,0.04,0.039,0.042,0.041,0.039,0.042,0.041,0.041,0.042,0.041,0.041,0.041,0.041,0.041,0.042,0.041,0.042,0.041,0.04,0.042,0.042,0.042,0.041,0.041,0.041,0.043,0.042,0.042,0.042,0.042,0.041,0.041,0.04,0.041,0.041,0.041,0.042,0.04,0.04,0.042,0.041,0.039,0.041,0.041,0.041,0.039,0.042,0.04,0.041,0.04,0.041,0.041,0.041,0.041,0.041,0.041,0.04,0.04,0.04,0.041,0.041,0.04,0.041,0.04,0.041,0.04\n",
            "1,F9,Result,0.044,0.041,0.042,0.042,0.041,0.041,0.041,0.04,0.043,0.042,0.042,0.041,0.041,0.042,0.043,0.04,0.043,0.041,0.042,0.041,0.041,0.04,0.043,0.042,0.042,0.04,0.041,0.043,0.043,0.041,0.042,0.043,0.043,0.041,0.042,0.043,0.042,0.042,0.041,0.043,0.042,0.041,0.041,0.042,0.042,0.043,0.042,0.042,0.043,0.042,0.042,0.043,0.043,0.041,0.042,0.042,0.043,0.042,0.043,0.043,0.042,0.042,0.042,0.042,0.042,0.043,0.04,0.042,0.041,0.044,0.042,0.04,0.043,0.042,0.042,0.042,0.043,0.042,0.041,0.044,0.041,0.042,0.043,0.042,0.043,0.043,0.041,0.042,0.041,0.044,0.042,0.042,0.043,0.041,0.041,0.041\n",
            "1,F10,Result,0.04,0.039,0.039,0.04,0.04,0.041,0.043,0.042,0.041,0.043,0.043,0.042,0.042,0.043,0.043,0.042,0.042,0.041,0.043,0.041,0.042,0.041,0.042,0.042,0.041,0.042,0.042,0.043,0.042,0.041,0.042,0.041,0.043,0.041,0.041,0.041,0.04,0.042,0.04,0.042,0.041,0.042,0.042,0.041,0.042,0.041,0.04,0.04,0.039,0.04,0.04,0.04,0.041,0.039,0.04,0.041,0.04,0.04,0.04,0.04,0.04,0.041,0.041,0.042,0.041,0.041,0.039,0.04,0.04,0.04,0.041,0.04,0.04,0.042,0.042,0.04,0.04,0.041,0.041,0.04,0.04,0.039,0.04,0.042,0.041,0.04,0.04,0.04,0.04,0.041,0.04,0.041,0.041,0.039,0.04,0.04\n",
            "1,F11,Result,0.039,0.04,0.038,0.04,0.038,0.037,0.04,0.039,0.039,0.037,0.04,0.039,0.039,0.038,0.04,0.038,0.038,0.038,0.038,0.038,0.04,0.039,0.039,0.038,0.04,0.04,0.039,0.039,0.039,0.038,0.039,0.039,0.038,0.039,0.038,0.039,0.04,0.038,0.038,0.038,0.039,0.039,0.041,0.039,0.039,0.038,0.039,0.039,0.039,0.039,0.039,0.039,0.039,0.04,0.04,0.038,0.039,0.038,0.04,0.039,0.038,0.039,0.04,0.039,0.04,0.042,0.04,0.039,0.039,0.041,0.04,0.04,0.039,0.04,0.04,0.04,0.042,0.04,0.04,0.039,0.041,0.04,0.041,0.041,0.04,0.04,0.04,0.041,0.041,0.041,0.039,0.041,0.04,0.041,0.041,0.04\n",
            "1,F12,Result,0.04,0.038,0.037,0.038,0.037,0.038,0.04,0.038,0.039,0.037,0.038,0.039,0.04,0.038,0.038,0.039,0.038,0.038,0.039,0.037,0.039,0.039,0.037,0.039,0.039,0.038,0.039,0.04,0.038,0.037,0.039,0.038,0.039,0.04,0.039,0.041,0.04,0.039,0.038,0.039,0.039,0.039,0.04,0.039,0.04,0.039,0.039,0.041,0.038,0.039,0.039,0.038,0.039,0.038,0.039,0.041,0.039,0.039,0.039,0.039,0.038,0.038,0.039,0.037,0.039,0.039,0.038,0.038,0.038,0.039,0.039,0.038,0.038,0.039,0.038,0.038,0.039,0.038,0.038,0.04,0.038,0.039,0.039,0.04,0.038,0.038,0.038,0.038,0.039,0.039,0.038,0.038,0.039,0.037,0.039,0.04\n",
            "1,G1,Result,0.042,0.04,0.041,0.041,0.041,0.042,0.042,0.042,0.043,0.042,0.041,0.042,0.042,0.042,0.043,0.042,0.042,0.041,0.042,0.041,0.042,0.042,0.042,0.042,0.042,0.043,0.042,0.043,0.042,0.042,0.042,0.041,0.042,0.043,0.041,0.043,0.044,0.043,0.041,0.044,0.042,0.043,0.043,0.044,0.042,0.042,0.042,0.043,0.041,0.042,0.044,0.043,0.042,0.042,0.042,0.042,0.042,0.042,0.042,0.042,0.042,0.043,0.042,0.042,0.043,0.043,0.042,0.042,0.043,0.042,0.041,0.042,0.043,0.041,0.041,0.041,0.042,0.043,0.042,0.041,0.042,0.043,0.041,0.042,0.041,0.042,0.042,0.042,0.042,0.042,0.043,0.043,0.043,0.042,0.042,0.042\n",
            "1,G2,Result,0.042,0.04,0.041,0.042,0.039,0.039,0.04,0.041,0.04,0.041,0.04,0.039,0.04,0.041,0.041,0.041,0.041,0.04,0.042,0.041,0.041,0.039,0.04,0.038,0.041,0.042,0.041,0.04,0.041,0.041,0.041,0.041,0.04,0.041,0.04,0.041,0.04,0.041,0.039,0.04,0.04,0.041,0.041,0.041,0.041,0.04,0.04,0.04,0.04,0.04,0.039,0.04,0.04,0.04,0.041,0.041,0.041,0.04,0.041,0.041,0.04,0.04,0.042,0.039,0.04,0.039,0.04,0.039,0.04,0.042,0.041,0.039,0.04,0.039,0.041,0.04,0.041,0.04,0.04,0.041,0.04,0.04,0.041,0.04,0.042,0.041,0.039,0.041,0.04,0.041,0.04,0.041,0.039,0.04,0.04,0.04\n",
            "1,G3,Result,0.044,0.044,0.042,0.043,0.043,0.042,0.044,0.043,0.042,0.042,0.043,0.042,0.043,0.043,0.043,0.044,0.042,0.043,0.043,0.043,0.043,0.042,0.043,0.042,0.043,0.043,0.044,0.043,0.043,0.043,0.043,0.043,0.04,0.043,0.042,0.043,0.042,0.043,0.043,0.042,0.042,0.043,0.042,0.043,0.042,0.041,0.043,0.044,0.043,0.041,0.041,0.042,0.042,0.043,0.042,0.043,0.042,0.042,0.041,0.043,0.042,0.042,0.043,0.042,0.042,0.044,0.043,0.042,0.041,0.043,0.043,0.042,0.043,0.042,0.042,0.042,0.043,0.042,0.04,0.042,0.042,0.041,0.044,0.042,0.042,0.042,0.043,0.043,0.042,0.042,0.042,0.042,0.042,0.042,0.042,0.042\n",
            "1,G4,Result,0.04,0.04,0.04,0.04,0.038,0.04,0.04,0.039,0.04,0.04,0.04,0.038,0.04,0.041,0.039,0.04,0.039,0.04,0.04,0.039,0.041,0.04,0.04,0.038,0.041,0.04,0.039,0.039,0.04,0.039,0.041,0.04,0.041,0.039,0.04,0.039,0.04,0.04,0.04,0.041,0.04,0.04,0.041,0.04,0.04,0.04,0.039,0.039,0.04,0.04,0.039,0.04,0.042,0.039,0.04,0.041,0.04,0.039,0.041,0.04,0.04,0.039,0.042,0.039,0.04,0.04,0.04,0.04,0.039,0.041,0.04,0.039,0.04,0.04,0.04,0.041,0.04,0.04,0.04,0.04,0.041,0.04,0.04,0.04,0.04,0.04,0.041,0.04,0.039,0.039,0.039,0.041,0.041,0.04,0.041,0.041\n",
            "1,G5,Result,0.039,0.038,0.038,0.038,0.037,0.038,0.037,0.039,0.038,0.037,0.038,0.037,0.039,0.038,0.039,0.038,0.038,0.038,0.04,0.038,0.038,0.039,0.04,0.037,0.039,0.039,0.037,0.038,0.038,0.038,0.04,0.039,0.038,0.039,0.037,0.037,0.039,0.039,0.039,0.039,0.039,0.039,0.039,0.04,0.038,0.039,0.039,0.04,0.04,0.04,0.041,0.04,0.04,0.038,0.039,0.041,0.038,0.037,0.039,0.039,0.039,0.038,0.039,0.037,0.038,0.04,0.038,0.039,0.04,0.04,0.04,0.038,0.038,0.038,0.038,0.038,0.039,0.04,0.038,0.037,0.039,0.039,0.04,0.039,0.038,0.038,0.037,0.038,0.038,0.038,0.039,0.038,0.039,0.039,0.039,0.039\n",
            "1,G6,Result,0.042,0.041,0.041,0.043,0.041,0.043,0.041,0.041,0.042,0.04,0.041,0.042,0.041,0.04,0.043,0.041,0.041,0.041,0.042,0.041,0.041,0.041,0.042,0.042,0.042,0.04,0.041,0.042,0.042,0.042,0.042,0.041,0.042,0.041,0.042,0.04,0.041,0.042,0.042,0.042,0.041,0.043,0.042,0.042,0.042,0.041,0.041,0.042,0.041,0.04,0.042,0.043,0.042,0.042,0.042,0.042,0.042,0.039,0.042,0.042,0.042,0.042,0.042,0.041,0.041,0.043,0.041,0.042,0.042,0.042,0.043,0.042,0.041,0.043,0.042,0.041,0.041,0.043,0.041,0.042,0.042,0.042,0.042,0.042,0.04,0.039,0.041,0.041,0.042,0.042,0.041,0.042,0.042,0.041,0.044,0.043\n",
            "1,G7,Result,0.042,0.041,0.04,0.042,0.04,0.04,0.042,0.041,0.042,0.04,0.041,0.04,0.041,0.038,0.041,0.039,0.039,0.041,0.042,0.041,0.042,0.041,0.042,0.04,0.041,0.04,0.04,0.041,0.04,0.041,0.042,0.041,0.041,0.042,0.039,0.041,0.041,0.042,0.04,0.041,0.042,0.041,0.043,0.042,0.042,0.041,0.041,0.041,0.041,0.039,0.042,0.042,0.04,0.041,0.041,0.043,0.041,0.042,0.04,0.043,0.041,0.041,0.041,0.04,0.041,0.042,0.043,0.04,0.041,0.041,0.04,0.04,0.041,0.042,0.04,0.04,0.043,0.041,0.041,0.042,0.04,0.041,0.042,0.041,0.04,0.041,0.041,0.04,0.04,0.042,0.04,0.041,0.041,0.041,0.039,0.04\n",
            "1,G8,Result,0.043,0.041,0.041,0.043,0.041,0.042,0.041,0.042,0.042,0.041,0.041,0.042,0.041,0.042,0.042,0.041,0.041,0.043,0.042,0.041,0.043,0.041,0.042,0.042,0.043,0.043,0.042,0.044,0.043,0.042,0.043,0.042,0.041,0.042,0.042,0.043,0.041,0.041,0.041,0.042,0.043,0.043,0.044,0.043,0.044,0.041,0.043,0.042,0.043,0.042,0.041,0.041,0.043,0.042,0.043,0.041,0.043,0.043,0.043,0.042,0.042,0.042,0.044,0.043,0.042,0.042,0.041,0.041,0.04,0.042,0.043,0.041,0.042,0.042,0.043,0.04,0.044,0.042,0.041,0.041,0.042,0.041,0.043,0.042,0.041,0.041,0.041,0.042,0.041,0.043,0.041,0.041,0.041,0.041,0.041,0.042\n",
            "1,G9,Result,0.04,0.04,0.04,0.04,0.04,0.039,0.039,0.039,0.04,0.038,0.04,0.039,0.041,0.039,0.039,0.038,0.04,0.038,0.04,0.041,0.04,0.039,0.04,0.039,0.039,0.04,0.041,0.04,0.04,0.038,0.04,0.039,0.039,0.041,0.04,0.041,0.04,0.041,0.04,0.039,0.04,0.041,0.04,0.04,0.04,0.038,0.04,0.04,0.04,0.04,0.041,0.042,0.04,0.039,0.04,0.041,0.041,0.04,0.04,0.04,0.039,0.041,0.041,0.041,0.039,0.04,0.04,0.039,0.04,0.041,0.04,0.04,0.039,0.042,0.041,0.04,0.041,0.04,0.039,0.04,0.04,0.039,0.042,0.04,0.04,0.039,0.041,0.04,0.04,0.039,0.039,0.04,0.04,0.039,0.04,0.04\n",
            "1,G10,Result,0.041,0.039,0.039,0.04,0.039,0.039,0.04,0.04,0.04,0.04,0.041,0.039,0.04,0.038,0.04,0.039,0.038,0.038,0.04,0.04,0.04,0.039,0.041,0.039,0.04,0.04,0.04,0.04,0.041,0.039,0.039,0.038,0.04,0.041,0.04,0.04,0.039,0.04,0.04,0.04,0.042,0.039,0.039,0.041,0.039,0.04,0.04,0.04,0.039,0.04,0.041,0.04,0.04,0.038,0.041,0.041,0.041,0.038,0.04,0.04,0.04,0.04,0.04,0.038,0.04,0.041,0.039,0.039,0.039,0.041,0.039,0.039,0.039,0.04,0.04,0.039,0.04,0.039,0.04,0.039,0.038,0.04,0.039,0.042,0.04,0.04,0.041,0.039,0.039,0.04,0.039,0.041,0.04,0.039,0.04,0.04\n",
            "1,G11,Result,0.041,0.04,0.04,0.042,0.04,0.041,0.041,0.04,0.041,0.039,0.04,0.041,0.041,0.04,0.041,0.04,0.04,0.04,0.04,0.042,0.04,0.04,0.041,0.039,0.041,0.041,0.041,0.041,0.042,0.041,0.042,0.041,0.042,0.042,0.04,0.04,0.042,0.041,0.041,0.04,0.041,0.04,0.042,0.042,0.04,0.041,0.039,0.041,0.041,0.04,0.042,0.042,0.042,0.041,0.041,0.041,0.042,0.041,0.042,0.041,0.042,0.041,0.041,0.04,0.04,0.04,0.04,0.04,0.04,0.042,0.04,0.04,0.04,0.04,0.041,0.041,0.043,0.041,0.04,0.041,0.041,0.041,0.04,0.042,0.041,0.041,0.041,0.041,0.04,0.042,0.039,0.042,0.042,0.041,0.041,0.042\n",
            "1,G12,Result,0.045,0.043,0.045,0.045,0.043,0.044,0.047,0.045,0.044,0.044,0.044,0.044,0.045,0.043,0.044,0.043,0.046,0.044,0.044,0.043,0.046,0.044,0.046,0.043,0.044,0.044,0.044,0.044,0.044,0.044,0.043,0.044,0.045,0.044,0.044,0.044,0.042,0.045,0.043,0.044,0.045,0.044,0.043,0.044,0.045,0.045,0.044,0.044,0.044,0.043,0.044,0.044,0.044,0.044,0.045,0.044,0.046,0.044,0.043,0.044,0.044,0.043,0.045,0.043,0.043,0.043,0.042,0.046,0.044,0.044,0.043,0.043,0.044,0.043,0.045,0.044,0.046,0.044,0.043,0.043,0.044,0.044,0.045,0.045,0.043,0.044,0.045,0.044,0.043,0.043,0.044,0.045,0.045,0.044,0.045,0.046\n",
            "1,H1,Result,0.041,0.04,0.04,0.041,0.041,0.041,0.04,0.042,0.041,0.041,0.041,0.041,0.041,0.04,0.042,0.041,0.041,0.041,0.042,0.042,0.041,0.041,0.042,0.042,0.041,0.042,0.043,0.041,0.043,0.041,0.042,0.043,0.043,0.041,0.042,0.042,0.041,0.04,0.041,0.041,0.042,0.042,0.042,0.041,0.041,0.041,0.042,0.042,0.042,0.041,0.042,0.042,0.042,0.042,0.042,0.041,0.043,0.04,0.042,0.042,0.041,0.041,0.042,0.039,0.041,0.043,0.041,0.042,0.042,0.042,0.041,0.043,0.041,0.041,0.042,0.042,0.042,0.043,0.041,0.041,0.041,0.04,0.042,0.041,0.04,0.043,0.042,0.042,0.041,0.041,0.041,0.04,0.042,0.041,0.042,0.041\n",
            "1,H2,Result,0.04,0.041,0.04,0.041,0.039,0.041,0.041,0.041,0.041,0.04,0.041,0.04,0.041,0.041,0.041,0.041,0.04,0.04,0.04,0.041,0.04,0.04,0.041,0.04,0.039,0.04,0.041,0.039,0.041,0.041,0.041,0.04,0.04,0.041,0.041,0.042,0.041,0.04,0.041,0.041,0.04,0.041,0.041,0.042,0.041,0.04,0.04,0.041,0.041,0.04,0.041,0.04,0.041,0.039,0.041,0.04,0.04,0.041,0.041,0.04,0.042,0.038,0.041,0.039,0.04,0.041,0.041,0.04,0.04,0.041,0.041,0.04,0.039,0.041,0.04,0.04,0.041,0.039,0.039,0.04,0.04,0.04,0.04,0.042,0.04,0.04,0.042,0.041,0.039,0.04,0.039,0.04,0.04,0.04,0.042,0.041\n",
            "1,H3,Result,0.042,0.041,0.042,0.042,0.042,0.042,0.042,0.041,0.041,0.04,0.041,0.042,0.041,0.042,0.043,0.042,0.04,0.041,0.042,0.042,0.04,0.043,0.042,0.041,0.042,0.042,0.042,0.043,0.041,0.041,0.042,0.041,0.042,0.041,0.043,0.043,0.042,0.041,0.041,0.04,0.041,0.041,0.041,0.041,0.042,0.042,0.04,0.042,0.041,0.041,0.041,0.041,0.041,0.042,0.041,0.042,0.042,0.04,0.041,0.042,0.042,0.042,0.042,0.04,0.041,0.043,0.041,0.04,0.042,0.043,0.042,0.041,0.04,0.041,0.042,0.042,0.043,0.043,0.042,0.041,0.042,0.041,0.041,0.042,0.042,0.041,0.041,0.043,0.042,0.04,0.041,0.041,0.043,0.042,0.041,0.04\n",
            "1,H4,Result,0.041,0.041,0.041,0.041,0.042,0.041,0.041,0.041,0.041,0.039,0.041,0.041,0.041,0.04,0.04,0.041,0.041,0.039,0.041,0.041,0.041,0.041,0.041,0.04,0.04,0.041,0.04,0.041,0.041,0.041,0.041,0.041,0.04,0.041,0.04,0.041,0.041,0.039,0.04,0.041,0.041,0.04,0.041,0.04,0.039,0.04,0.04,0.041,0.04,0.042,0.042,0.041,0.041,0.04,0.041,0.041,0.041,0.04,0.04,0.041,0.042,0.041,0.04,0.041,0.041,0.041,0.04,0.041,0.04,0.041,0.04,0.041,0.04,0.041,0.042,0.042,0.041,0.042,0.041,0.041,0.04,0.041,0.041,0.041,0.041,0.04,0.041,0.041,0.041,0.041,0.041,0.043,0.041,0.042,0.041,0.041\n",
            "1,H5,Result,0.039,0.039,0.039,0.039,0.04,0.039,0.039,0.04,0.04,0.037,0.038,0.04,0.041,0.04,0.039,0.037,0.04,0.038,0.039,0.038,0.038,0.04,0.04,0.037,0.039,0.041,0.039,0.04,0.039,0.04,0.04,0.041,0.04,0.04,0.038,0.039,0.04,0.038,0.04,0.04,0.039,0.041,0.039,0.039,0.039,0.038,0.039,0.04,0.039,0.04,0.04,0.038,0.039,0.039,0.039,0.039,0.04,0.038,0.04,0.04,0.039,0.039,0.04,0.038,0.038,0.039,0.038,0.04,0.039,0.04,0.038,0.039,0.039,0.039,0.04,0.038,0.041,0.039,0.039,0.04,0.039,0.038,0.04,0.041,0.04,0.041,0.04,0.038,0.04,0.038,0.04,0.038,0.039,0.039,0.039,0.04\n",
            "1,H6,Result,0.042,0.039,0.04,0.041,0.039,0.039,0.041,0.039,0.04,0.039,0.039,0.04,0.041,0.039,0.041,0.04,0.041,0.039,0.04,0.039,0.039,0.04,0.04,0.04,0.041,0.04,0.04,0.038,0.041,0.04,0.041,0.04,0.038,0.041,0.041,0.04,0.04,0.04,0.04,0.039,0.04,0.042,0.041,0.042,0.041,0.041,0.041,0.041,0.04,0.039,0.04,0.041,0.041,0.041,0.041,0.039,0.04,0.039,0.042,0.041,0.04,0.041,0.039,0.039,0.042,0.04,0.041,0.04,0.041,0.043,0.041,0.04,0.04,0.039,0.041,0.041,0.041,0.04,0.04,0.041,0.04,0.04,0.041,0.041,0.041,0.041,0.041,0.042,0.04,0.04,0.042,0.04,0.041,0.04,0.041,0.041\n",
            "1,H7,Result,0.04,0.039,0.041,0.041,0.04,0.04,0.042,0.041,0.04,0.042,0.041,0.042,0.043,0.041,0.041,0.04,0.042,0.041,0.042,0.041,0.041,0.041,0.042,0.04,0.041,0.042,0.041,0.041,0.041,0.042,0.041,0.041,0.041,0.041,0.04,0.041,0.042,0.041,0.04,0.041,0.041,0.042,0.043,0.042,0.043,0.044,0.042,0.043,0.043,0.042,0.044,0.041,0.042,0.041,0.043,0.044,0.043,0.042,0.042,0.044,0.043,0.043,0.041,0.041,0.042,0.042,0.042,0.041,0.042,0.042,0.043,0.042,0.041,0.041,0.043,0.043,0.044,0.043,0.043,0.042,0.042,0.041,0.044,0.044,0.041,0.043,0.042,0.044,0.043,0.043,0.042,0.042,0.042,0.042,0.042,0.043\n",
            "1,H8,Result,0.039,0.038,0.038,0.038,0.038,0.04,0.039,0.038,0.039,0.039,0.039,0.037,0.039,0.039,0.039,0.041,0.04,0.041,0.038,0.039,0.04,0.039,0.039,0.04,0.039,0.039,0.037,0.037,0.039,0.037,0.038,0.039,0.039,0.04,0.039,0.039,0.038,0.038,0.04,0.039,0.039,0.038,0.037,0.037,0.039,0.038,0.037,0.039,0.037,0.039,0.038,0.038,0.039,0.038,0.038,0.038,0.038,0.037,0.039,0.04,0.039,0.037,0.039,0.037,0.036,0.039,0.038,0.039,0.037,0.039,0.037,0.037,0.038,0.038,0.038,0.037,0.039,0.038,0.039,0.037,0.038,0.037,0.039,0.038,0.039,0.039,0.038,0.038,0.038,0.038,0.039,0.039,0.037,0.039,0.038,0.039\n",
            "1,H9,Result,0.038,0.039,0.039,0.039,0.04,0.038,0.04,0.039,0.038,0.038,0.038,0.039,0.041,0.038,0.039,0.039,0.041,0.039,0.039,0.038,0.038,0.038,0.039,0.038,0.04,0.038,0.038,0.04,0.042,0.04,0.039,0.038,0.039,0.038,0.037,0.039,0.039,0.039,0.038,0.039,0.038,0.039,0.039,0.038,0.038,0.039,0.039,0.04,0.039,0.039,0.039,0.039,0.039,0.039,0.039,0.04,0.039,0.037,0.037,0.039,0.038,0.037,0.039,0.039,0.038,0.039,0.038,0.039,0.038,0.039,0.038,0.038,0.038,0.04,0.037,0.039,0.039,0.039,0.038,0.039,0.038,0.039,0.039,0.04,0.037,0.038,0.039,0.04,0.039,0.039,0.038,0.037,0.038,0.039,0.039,0.038\n",
            "1,H10,Result,0.045,0.044,0.045,0.045,0.044,0.044,0.043,0.045,0.045,0.044,0.043,0.043,0.044,0.045,0.045,0.041,0.043,0.044,0.043,0.045,0.044,0.043,0.044,0.043,0.044,0.044,0.043,0.044,0.044,0.044,0.043,0.044,0.044,0.043,0.043,0.044,0.044,0.045,0.043,0.044,0.043,0.043,0.044,0.044,0.044,0.044,0.042,0.044,0.043,0.044,0.044,0.043,0.044,0.042,0.044,0.044,0.043,0.043,0.042,0.044,0.043,0.043,0.045,0.043,0.043,0.044,0.043,0.043,0.043,0.045,0.042,0.043,0.044,0.044,0.043,0.043,0.044,0.043,0.045,0.044,0.042,0.042,0.043,0.044,0.044,0.044,0.043,0.044,0.044,0.043,0.043,0.043,0.044,0.043,0.044,0.045\n",
            "1,H11,Result,0.041,0.04,0.039,0.039,0.039,0.039,0.041,0.039,0.04,0.039,0.039,0.039,0.04,0.038,0.041,0.038,0.04,0.038,0.04,0.039,0.039,0.039,0.04,0.039,0.039,0.039,0.039,0.041,0.04,0.04,0.04,0.041,0.041,0.041,0.039,0.04,0.039,0.039,0.037,0.038,0.04,0.04,0.039,0.038,0.04,0.04,0.04,0.039,0.038,0.039,0.04,0.04,0.041,0.037,0.039,0.04,0.04,0.038,0.039,0.04,0.039,0.04,0.039,0.039,0.039,0.04,0.039,0.039,0.039,0.041,0.041,0.039,0.038,0.039,0.04,0.038,0.04,0.04,0.039,0.04,0.04,0.038,0.04,0.04,0.039,0.04,0.038,0.039,0.039,0.039,0.039,0.039,0.038,0.039,0.039,0.04\n",
            "1,H12,Result,0.042,0.041,0.04,0.043,0.04,0.041,0.043,0.041,0.041,0.042,0.041,0.041,0.041,0.042,0.041,0.041,0.042,0.04,0.04,0.042,0.041,0.041,0.042,0.04,0.042,0.04,0.04,0.04,0.042,0.039,0.042,0.04,0.041,0.041,0.039,0.041,0.041,0.039,0.041,0.04,0.041,0.041,0.041,0.039,0.041,0.041,0.041,0.04,0.04,0.041,0.041,0.041,0.041,0.039,0.041,0.041,0.041,0.04,0.042,0.043,0.04,0.039,0.041,0.04,0.041,0.04,0.038,0.04,0.039,0.043,0.04,0.041,0.039,0.041,0.04,0.04,0.042,0.041,0.04,0.041,0.039,0.041,0.041,0.041,0.041,0.04,0.04,0.041,0.04,0.042,0.04,0.042,0.041,0.041,0.041,0.04\n"
        ],
        "mtime": [
            "1621611266.491201",
            "2021-05-21 10:34:26.491201"
        ],
        "path": [
            "C:\\Users\\svcaibio\\Desktop\\DataToSend\\Campaign1_20210519_171424_RawOD.csv"
        ],
        "purpose": [
            "data"
        ],
        "type": [
            "csv"
        ]
    }
}